12 45 22
-30 83 22
-99 19 22
75 3 22
92 96 22
-66 32 22
-37 6 22
40 58 22
-49 -86 22
15 -34 22
-33 17 22
-53 -94 22
-66 86 22
94 -97 22
31 56 22
-4 -33 22
-87 -32 22
-98 -17 22
69 82 22
-44 30 22
84 14 22
70 -99 22
12 -43 22
78 46 22
-100 41 22
-48 -9 22
-33 -56 22
87 75 22
-4 44 22
96 77 22
54 -33 22
41 34 22
-67 21 22
0 -87 22
30 54 22
33 66 22
71 -71 22
7 -100 22
-39 -1 22
-35 -81 22
-17 39 22
12 25 22
39 51 22
15 -8 22
-36 56 22
99 51 22
17 96 22
-21 -65 22
-18 -10 22
-72 67 22
27 15 22
-29 -20 22
-70 59 22
-81 -2 22
-70 9 22
68 48 22
24 -75 22
68 -75 22
-77 53 22
61 -12 22
-49 -59 22
-87 78 22
-31 -32 22
-1 68 22
69 85 22
-24 60 22
-10 -37 22
-45 0 22
-61 -73 22
-34 -9 22
42 9 22
-60 77 22
-7 45 22
-33 -31 22
97 91 22
54 20 22
-74 -64 22
-89 -30 22
1 52 22
11 3 22
-14 71 22
-15 -28 22
-85 53 22
-74 -60 22
92 -8 22
-66 -56 22
-16 -21 22
-9 -72 22
-96 47 22
12 17 22
41 69 22
-4 54 22
-11 98 22
34 83 22
-97 85 22
-16 75 22
-59 58 22
91 78 22
80 -29 22
98 -27 22
-61 -86 22
-57 64 22
-95 36 22
-9 35 22
-55 36 22
62 -39 22
27 8 22
83 -40 22
63 59 22
-81 67 22
-89 9 22
-26 -83 22
24 -59 22
-61 -69 22
-17 -40 22
-8 -41 22
78 -50 22
-11 -32 22
-44 -28 22
-67 15 22
23 69 22
25 55 22
-1 -55 22
97 -32 22
-88 97 22
-19 -38 22
9 -29 22
-25 -55 22
-39 41 22
-18 74 22
-16 -10 22
28 -7 22
-63 14 22
47 -26 22
-83 -100 22
13 -80 22
42 -56 22
48 73 22
67 96 22
-68 10 22
77 -31 22
92 95 22
49 36 22
2 -62 22
11 -51 22
73 -21 22
-90 45 22
-21 47 22
2 32 22
-91 53 22
-85 -32 22
-18 100 22
-76 77 22
23 9 22
77 -92 22
56 30 22
-95 -37 22
49 54 22
-38 -71 22
-63 -72 22
-76 98 22
-33 -28 22
-67 -3 22
-50 92 22
-24 -93 22
-12 -76 22
-35 -1 22
65 -34 22
53 66 22
-4 42 22
29 -5 22
30 -30 22
48 39 22
65 7 22
-99 -67 22
-40 -9 22
-61 55 22
89 -33 22
-53 32 22
39 84 22
30 -60 22
99 -8 22
19 -17 22
56 -73 22
-14 97 22
-29 -90 22
-98 22 22
44 27 22
11 -48 22
88 14 22
-10 -35 22
-31 6 22
97 -45 22
-39 -24 22
20 77 22
-63 -68 22
62 -37 22
-70 -80 22
69 56 22
-20 -29 22
88 -43 22
72 -7 22
-35 -39 22
54 -87 22
-8 -39 22
50 -38 22
-97 -6 22
-58 -15 22
-33 6 22
99 42 22
-76 77 22
-86 8 22
-32 -44 22
6 62 22
-99 61 22
-41 99 22
-27 -40 22
-64 38 22
-79 82 22
28 18 22
95 27 22
41 -89 22
70 93 22
-96 -95 22
68 -97 22
2 8 22
-59 51 22
63 -92 22
4 89 22
50 81 22
11 -48 22
80 -15 22
-81 89 22
-62 -32 22
63 87 22
32 90 22
16 -27 22
42 36 22
75 -9 22
15 -34 22
-67 -84 22
-14 -73 22
-31 82 22
15 1 22
85 34 22
19 -37 22
81 -1 22
58 35 22
25 -51 22
-77 53 22
-63 -72 22
-40 -97 22
64 21 22
-98 71 22
-3 -77 22
-72 -59 22
76 -70 22
-13 41 22
-86 28 22
-22 18 22
-93 -47 22
-35 -42 22
23 -98 22
-44 19 22
12 53 22
97 32 22
1 -52 22
-47 23 22
33 8 22
-8 17 22
10 -45 22
-57 -7 22
-17 -5 22
59 76 22
6 46 22
79 -25 22
-63 2 22
19 -25 22
88 -90 22
-81 74 22
31 -67 22
-82 14 22
24 -77 22
-77 -91 22
-11 47 22
96 66 22
5 -16 22
100 99 22
33 82 22
66 3 22
-69 -75 22
22 50 22
-72 49 22
-9 -24 22
75 93 22
-29 -90 22
88 -84 22
51 37 22
-28 -68 22
49 3 22
14 40 22
43 -98 22
-34 11 22
-50 -83 22
-55 -79 22
-69 90 22
33 -99 22
-100 100 22
82 68 22
-88 -57 22
-68 -90 22
-70 -39 22
-69 -17 22
19 -39 22
-73 37 22
30 -45 22
63 21 22
-1 -58 22
-64 32 22
-94 -53 22
-45 -68 22
100 -66 22
-89 -2 22
-74 75 22
8 -58 22
76 -59 22
-97 -61 22
-81 33 22
-89 18 22
7 -13 22
47 -51 22
78 31 22
89 -53 22
-60 64 22
16 -17 22
-30 -67 22
-36 -90 22
-43 -93 22
-41 83 22
99 38 22
-74 -62 22
-47 86 22
-85 47 22
-89 -39 22
-86 -84 22
-95 -38 22
68 -56 22
-66 15 22
82 -19 22
-75 2 22
-61 -30 22
-14 10 22
-99 -9 22
-23 -23 22
53 -99 22
-50 60 22
13 77 22
83 -52 22
36 86 22
-41 -64 22
-99 94 22
-70 -73 22
-44 46 22
88 78 22
92 -74 22
65 -71 22
97 6 22
-65 23 22
-20 24 22
-17 66 22
30 32 22
-99 -1 22
43 -21 22
-63 -95 22
21 90 22
-20 75 22
-100 -65 22
73 -4 22
90 -71 22
84 30 22
-54 50 22
24 80 22
26 -40 22
63 -65 22
-58 11 22
-81 -1 22
-63 -97 22
74 73 22
13 -21 22
-49 -5 22
36 51 22
74 -51 22
-36 64 22
-92 -84 22
-36 98 22
-80 97 22
-32 -4 22
-77 75 22
11 15 22
22 -9 22
-16 70 22
1 -43 22
-46 0 22
-47 24 22
-93 91 22
91 -73 22
60 -25 22
21 68 22
-42 5 22
70 100 22
26 49 22
11 56 22
-96 52 22
-18 13 22
82 -39 22
-48 39 22
-24 -53 22
-24 19 22
-96 6 22
-66 -23 22
-75 -5 22
-16 80 22
69 -23 22
-47 62 22
55 51 22
66 -17 22
2 -29 22
1 41 22
96 78 22
-24 39 22
-60 46 22
26 -51 22
80 -61 22
12 20 22
-12 -43 22
8 -45 22
30 50 22
17 -79 22
-70 66 22
-83 -14 22
-46 -72 22
-19 68 22
32 46 22
28 -52 22
-46 -69 22
26 -56 22
-82 50 22
-94 -48 22
-5 -32 22
58 -60 22
43 -58 22
-75 14 22
-23 1 22
-97 -70 22
0 -51 22
48 98 22
-27 -99 22
-99 -49 22
17 84 22
87 72 22
69 100 22
73 47 22
-94 -74 22
86 98 22
98 2 22
-33 -3 22
81 -16 22
-81 -70 22
-5 88 22
18 -47 22
22 21 22
-75 -87 22
-8 -43 22
36 -34 22
-40 -15 22
-17 45 22
-55 36 22
99 35 22
-54 -84 22
95 42 22
22 71 22
42 -92 22
-100 9 22
65 -1 22
37 40 22
68 -62 22
-56 27 22
32 94 22
4 -82 22
13 41 22
48 -34 22
-28 -26 22
77 29 22
55 -64 22
-17 -3 22
64 23 22
52 40 22
-58 26 22
-26 55 22
-47 -25 22
-26 -78 22
-57 64 22
23 -47 22
-6 36 22
74 -38 22
-44 -81 22
-61 -63 22
29 28 22
21 -34 22
67 64 22
-31 98 22
83 -12 22
-78 -52 22
79 75 22
65 -32 22
-42 41 22
-17 72 22
97 -49 22
-85 -97 22
78 15 22
27 -55 22
7 -73 22
-35 33 22
-63 80 22
59 59 22
2 62 22
73 49 22
65 76 22
-53 94 22
19 -66 22
-53 -62 22
-12 -34 22
-63 0 22
-85 35 22
9 -99 22
-49 67 22
52 -78 22
-91 -28 22
3 93 22
15 -62 22
-46 16 22
-80 17 22
-33 -84 22
92 56 22
-1 -45 22
-7 -53 22
-82 -1 22
4 -18 22
78 -85 22
43 -13 22
-12 -51 22
-21 -27 22
3 77 22
-35 92 22
-81 -78 22
56 32 22
70 42 22
-12 62 22
-24 42 22
23 -63 22
37 -92 22
-15 -48 22
-6 -24 22
-4 94 22
-61 80 22
-4 51 22
-21 97 22
-6 55 22
12 19 22
-65 94 22
38 46 22
-57 -30 22
-26 33 22
84 27 22
2 98 22
34 -94 22
-13 79 22
49 11 22
-5 -75 22
27 -79 22
-94 -4 22
61 63 22
0 92 22
99 -9 22
-40 15 22
69 -16 22
20 92 22
17 94 22
40 4 22
54 30 22
48 33 22
20 -37 22
61 92 22
76 -29 22
26 -73 22
11 -71 22
77 90 22
30 -99 22
100 -78 22
37 -74 22
85 -7 22
22 93 22
-48 30 22
37 -33 22
69 -78 22
-21 -87 22
-70 35 22
77 -45 22
-88 -41 22
88 -74 22
18 90 22
22 -85 22
11 23 22
-64 -77 22
36 10 22
-2 90 22
80 -71 22
-99 69 22
46 -27 22
44 -66 22
-36 73 22
92 55 22
97 -42 22
41 -7 22
75 -57 22
94 -32 22
-47 28 22
-62 -63 22
-23 -46 22
-53 -37 22
89 -79 22
31 82 22
10 -14 22
14 -26 22
-32 -88 22
-2 -35 22
52 20 22
-46 -62 22
40 93 22
8 63 22
-38 -74 22
-46 73 22
30 -96 22
-99 -85 22
-58 22 22
-61 -90 22
3 -52 22
-17 -90 22
23 -83 22
37 19 22
31 -12 22
88 76 22
7 -60 22
-6 31 22
-54 -29 22
-70 96 22
-53 -85 22
-41 40 22
-12 -3 22
56 68 22
80 33 22
33 65 22
-35 77 22
-97 -69 22
-71 30 22
-13 79 22
-99 31 22
-9 -16 22
-27 4 22
-21 26 22
8 97 22
-54 19 22
-75 -8 22
-40 -36 22
44 17 22
-21 14 22
58 73 22
-68 1 22
-65 19 22
53 79 22
-93 32 22
24 -37 22
-81 -23 22
55 -18 22
3 -40 22
-25 -89 22
17 39 22
94 64 22
84 -33 22
-12 7 22
23 42 22
-77 -4 22
-73 82 22
22 -68 22
11 -9 22
89 -68 22
63 -50 22
89 -82 22
-96 -11 22
74 -92 22
-25 -64 22
40 -22 22
-53 56 22
10 -48 22
-47 91 22
38 71 22
47 -7 22
-25 -87 22
72 64 22
58 -50 22
-95 -30 22
6 -1 22
71 22 22
91 -23 22
-12 97 22
-32 -85 22
-46 -49 22
-97 -100 22
11 -6 22
-56 -65 22
83 -95 22
-5 77 22
77 -56 22
-63 -20 22
-95 43 22
69 -98 22
-23 -42 22
-19 -80 22
-92 78 22
-86 91 22
-43 -80 22
97 -22 22
45 29 22
11 48 22
68 -66 22
-79 -8 22
-55 61 22
-50 -86 22
-66 53 22
87 -52 22
-41 -15 22
47 -16 22
-16 -58 22
-78 -51 22
-18 22 22
-38 57 22
-10 -72 22
68 -100 22
34 42 22
28 -3 22
29 -42 22
56 -63 22
8 98 22
-3 -40 22
-72 -7 22
3 29 22
58 0 22
22 -46 22
40 82 22
-17 -20 22
-46 -47 22
89 -77 22
32 85 22
41 -89 22
-13 99 22
-63 17 22
-79 76 22
21 8 22
93 20 22
100 29 22
-86 -81 22
21 -20 22
-96 -48 22
-51 37 22
16 24 22
-48 -60 22
-49 -94 22
10 -88 22
-23 18 22
-28 66 22
74 -22 22
-63 -26 22
18 25 22
64 74 22
-69 88 22
43 -81 22
11 40 22
-68 97 22
75 54 22
-35 83 22
35 -7 22
100 67 22
-58 33 22
80 86 22
75 75 22
-83 55 22
96 79 22
-85 -97 22
5 40 22
97 -55 22
19 -48 22
0 33 22
-55 -69 22
-10 32 22
74 -53 22
-63 54 22
20 54 22
-79 67 22
56 44 22
-56 21 22
-49 -35 22
17 -74 22
-66 -76 22
-34 -86 22
35 8 22
95 -34 22
-36 -15 22
47 6 22
29 -21 22
0 -98 22
-32 -24 22
87 82 22
33 94 22
-17 -17 22
1 -25 22
-39 -23 22
-77 65 22
-49 52 22
69 -98 22
-89 79 22
26 22 22
-81 -47 22
-94 -50 22
3 54 22
5 51 22
63 84 22
3 -25 22
93 60 22
-82 -85 22
-26 29 22
11 67 22
89 -11 22
57 -15 22
8 -62 22
44 -91 22
41 0 22
16 88 22
78 81 22
-50 -99 22
66 -87 22
-71 79 22
-59 -16 22
54 -64 22
-27 -12 22
18 79 22
48 47 22
-96 -29 22
65 12 22
68 8 22
-16 -59 22
63 -38 22
44 -18 22
-77 52 22
-41 85 22
-7 22 22
2 -74 22
17 66 22
-57 18 22
26 -40 22
-81 -42 22
-49 -8 22
77 6 22
77 -93 22
18 -27 22
-53 -23 22
99 -34 22
34 -45 22
-100 -68 22
56 -78 22
-83 80 22
86 -82 22
10 -40 22
-77 -13 22
86 -31 22
12 -77 22
96 14 22
58 72 22
67 -37 22
-78 -25 22
98 -39 22
-72 -13 22
18 13 22
0 -61 22
-53 -22 22
15 -52 22
-21 58 22
90 20 22
-2 -40 22
-38 94 22
-58 30 22
-60 -23 22
-63 11 22
10 -42 22
76 -66 22
-5 -46 22
42 -94 22
-91 -12 22
87 69 22
-70 -21 22
39 -94 22
-95 -54 22
-85 18 22
99 88 22
-58 -43 22
95 93 22
63 -81 22
-66 -94 22
49 -22 22
-80 100 22
5 17 22
-78 43 22
0 -62 22
-54 36 22
45 -84 22
-31 90 22
16 -6 22
-81 -57 22
-39 81 22
-83 100 22
60 -65 22
-1 -61 22
-27 -21 22
17 52 22
98 -90 22
-62 15 22
-67 18 22
-13 -67 22
-43 96 22
31 -33 22
-32 -4 22
-82 -41 22
84 97 22
74 34 22
23 46 22
7 54 22
-99 27 22
-98 -62 22
5 62 22
-98 -23 22
34 85 22
-24 12 22
-49 -71 22
-39 53 22
-42 -28 22
57 37 22
-8 7 22
-59 -36 22
-65 -38 22
-58 57 22
9 16 22
80 1 22
38 -57 22
48 -63 22
63 6 22
52 19 22
-49 40 22
-97 -57 22
38 46 22
-72 85 22
91 14 22
23 20 22
86 -75 22
42 -1 22
2 36 22
46 51 22
-94 -71 22
-7 -26 22
-78 87 22
-34 69 22
-50 48 22
-11 72 22
68 -40 22
-22 71 22
-37 11 22
-89 83 22
31 50 22
-58 -38 22
-90 -43 22
33 -73 22
57 96 22
4 35 22
-75 41 22
1 -69 22
12 -78 22
-78 -6 22
-60 58 22
66 -32 22
-45 -99 22
-27 -55 22
75 96 22
22 21 55
41 34 55
26 22 55
29 28 55
30 32 55
30 30 100